0.274229 8
0.000031 152
3.976220 1
0.110727 1
0.066306 1
0.083626 1
0.593838 1
0.056456 1
0.147310 4
0.769956 2
0.000032 9
0.026697 80
0.000387 45
0.000009 7
0.004230 83
0.000638 2047
0.000099 2047
0.000028 2011
0.000153 2047
0.000077 2047
0.000008 955
0.025301 115
0.000126 166
0.003815 2013
0.000163 2047
0.000443 2047
0.000254 2010
0.000427 2047
0.000400 1055
1.078805 24
0.000585 40
0.119507 24
0.000792 40
0.846961 24
0.000504 40
0.166587 24
0.000521 40
0.173643 22
0.000121 85
0.296536 30
0.138294 30
0.796089 29
0.104218 29
0.321936 30
0.156143 30
0.330131 29
0.158934 29
0.076599 29
0.113767 29
0.191149 42
0.109111 28
0.300761 29
0.137682 29
0.541698 31
0.093433 30
0.391003 30
0.166166 30
1.373307 31
0.140296 31
0.973262 30
1.312329 30
0.138603 30
0.191450 30
0.187258 58
0.204084 45
0.234773 30
0.280944 30
0.086749 30
0.340015 30
0.146582 31
0.134196 31
0.142916 59
0.140467 44
0.908057 30
0.125655 29
0.436823 29
0.104957 31
0.063161 58
0.071492 29
0.725683 30
0.174161 30
0.475115 31
0.154030 29
0.270889 30
0.875614 40
0.720058 39
0.100397 17
0.000096 33
0.184390 22
0.000092 26
0.116331 1
0.037977 1
0.069890 1
0.000205 27
0.006880 16
0.004136 70
0.003177 8
0.000096 152
1.231963 1
0.109401 1
0.104429 1
0.151551 1
0.094578 2
0.000074 9
0.000118 6
